76
32
30
22
16
40
86
17
21
64
89
73
38
58
31
16
37
44
6
85
51
29
37
2
48
27
21
68
58
63
82
8
31
35
57
100
77
46
19
23
82
10
34
71
56
89
22
58
69
64
98
9
21
57
25
47
75
34
90
94
83
77
4
29
95
95
61
59
43
98
42
60
26
30
97
20
18
31
62
82
22
92
86
74
28
4
36
58
64
50
93
99
8
75
85
45
39
69
91
31
30
97
25
59
37
76
15
29
75
42
86
40
10
19
88
42
59
98
26
55
49
79
76
82
47
51
11
55
90
77
75
65
71
26
74
4
15
37
80
82
28
50
8
28
21
65
65
65
65
95
82
17
40
49
39
14
70
18
90
32
91
76
89
42
82
63
41
86
44
13
46
82
45
84
72
92
5
90
47
37
7
54
31
20
14
51
56
18
44
94
85
22
97
10
86
16
9
59
86
21
75
3
77
89
46
92
81
34
28
88
60
42
79
100
15
87
96
18
64
50
97
69
13
27
3
94
45
48
0
82
13
22
52
18
67
8
18
27
2
22
49
43
78
55
19
47
32
30
59
2
46
56
59
78
63
77
63
66
30
32
35
84
82
46
47
75
65
64
32
55
72
82
53
74
67
73
12
68
50
31
68
50
36
29
16
28
40
9
81
41
22
81
53
2
15
1
44
19
61
59
74
71
81
66
29
60
47
91
71
73
52
1
1
81
82
13
68
87
36
100
17
43
71
82
4
35
97
79
60
19
72
45
53
52
19
4
32
73
95
7
9
27
16
55
80
87
13
40
17
10
67
77
26
2
65
38
27
55
72
78
43
15
93
15
63
33
7
67
15
60
40
38
23
71
67
30
93
95
55
45
68
63
39
17
89
33
32
40
28
44
22
17
43
85
45
62
45
72
9
84
71
48
57
69
18
77
56
87
69
41
19
31
28
69
15
3
94
42
52
9
7
74
33
61
97
27
66
6
49
97
90
22
91
41
84
73
23
27
98
53
73
69
77
70
13
19
4
2
49
39
6
79
80
57
10
30
54
80
24
54
66
64
14
48
10
39
90
27
61
51
22
41
34
2
81
89
61
97
74
48
35
77
57
14
69
2
90
10
32
95
76
75
79
22
25
4
46
38
16
10
43
8
1
75
16
64
96
74
93
59
14
48
46
78
54
42
39
91
63
90
54
16
1
65
91
17
36
82
78
76
93
40
99
97
32
77
77
3
44
53
46
45
6
85
59
5
45
6
0
23
18
68
19
44
14
81
56
18
24
53
47
26
3
90
73
4
37
76
8
51
10
24
32
68
41
46
70
5
83
15
32
51
89
23
2
81
71
13
17
88
23
41
8
78
59
60
22
69
27
26
26
14
97
27
24
91
48
79
62
28
27
28
2
86
10
62
12
88
63
52
82
21
10
38
54
27
3
5
52
0
23
18
54
86
19
30
12
51
40
32
52
6
17
89
76
14
78
100
64
30
71
79
59
62
82
26
74
23
31
34
57
36
37
97
78
34
54
97
17
24
43
19
42
10
55
96
21
26
50
20
9
3
0
40
84
63
15
39
10
6
21
8
46
15
16
32
2
78
14
45
65
86
44
22
47
99
45
49
56
35
79
86
9
61
82
56
36
81
15
61
87
56
78
65
99
41
78
9
45
16
17
63
32
48
65
67
87
82
30
47
95
96
89
67
52
94
32
84
63
61
62
65
4
44
9
61
64
23
73
10
37
34
66
97
37
73
59
27
2
46
10
84
72
23
61
8
50
30
19
48
44
37
28
35
91
28
65
29
23
76
43
85
82
100
88
64
37
25
14
9
40
3
96
94
65
67
16
48
92
64
50
99
40
93
87
22
52
78
34
31
8
24
97
1
38
76
72
47
5
68
2
45
74
98
71
68
14
56
90
65
35
88
9
92
18
59
73
89
44
64
6
3
13
35
54
31
68
97
25
49
38
66
89
78
30
74
49
26
1
42
69
84
43
79
76
22
64
1
53
72
58
91
19
60
80
81
4
37
32
60
40
51
81
93
86
69
30
100
52
60
26
38
65
34
66
52
52
58
84
35
73
73
14
83
24
83
35
32
42
13
51
35
67
2
43
23
64
94
2
98
27
71
90
91
49
32
28
93
95
61
58
61
25
81
67
55
63
90
77
85
67
86
15
16
67
57
33
98
83
67
79
86
27
20
14
58
84
22
62
12
64
94
39
71
7
22
3
77
6
29
77
87
76
96
96
55
9
62
88
40
65
31
29
69
22
88
43
73
7
13
