08
544
02
36
73
36
38
61
58
83
57
29
62
90
53
3
51
07
2
56
80
11
27
63
2
62
38
71
94
57
83
85
06
13
78
25
3
98
89
3
78
31
07
89
03
05
77
09
14
83
25
88
544
50
07
63
89
79
70
1
20
87
06
63
65
82
66
74
544
02
77
08
08
54
67
59
63
50
8
69
12
64
06
02
14
00
16
8
4
95
96
53
91
8
90
38
62
93
66
6
81
19
01
09
17
21
24
91
56
09
51
39
74
01
95
33
17
27
84
81
15
10
00
60
99
06
21
79
17
39
99
65
88
19
58
07
26
51
87
65
18
95
70
69
68
21
76
8
52
99
38
74
30
25
83
84
5
11
55
03
70
77
23
53
50
98
33
8
73
68
30
9
22
75
02
34
58
4
62
62
7
50
27
18
05
14
10
13
52
98
39
22
82
73
77
96
70
27
51
05
53
61
78
57
08
8
8
65
50
51
28
92
23
95
58
73
93
67
10
4
70
74
79
65
84
32
07
03
36
77
78
55
23
11
29
98
98
21
53
73
65
58
99
38
80
73
54
1
99
93
6
75
61
87
90
79
92
8
2
82
0
18
25
94
50
84
62
35
13
63
29
81
0
33
88
76
07
39
9
53
22
9
86
85
74
52
74
25
18
30
25
39
28
26
73
7
70
8
35
71

