64
100
68
92
39
92
94
27
14
49
13
85
28
56
19
9
17
63
8
12
46
77
83
29
8
28
94
37
50
13
49
41
62
79
34
81
9
54
45
9
34
97
63
45
69
61
33
65
70
49
81
44
100
16
63
29
45
35
36
7
86
43
62
29
21
48
22
30
100
68
33
64
64
10
23
15
29
16
4
25
78
20
62
68
70
66
72
4
0
51
52
19
57
4
56
94
28
59
22
2
47
75
67
65
73
87
80
57
12
65
17
95
30
67
51
99
73
83
40
47
71
76
66
26
55
62
87
35
73
95
55
21
44
75
14
63
82
17
43
21
74
51
36
25
24
87
32
4
18
55
94
30
96
81
49
40
1
77
11
69
36
33
89
19
16
54
99
4
39
24
96
5
88
31
68
90
14
0
28
28
3
16
83
74
61
70
76
79
18
54
95
88
48
39
33
52
36
83
17
61
19
27
34
13
64
4
4
21
16
17
84
58
89
51
14
39
59
23
76
0
36
30
35
21
40
98
63
69
92
33
34
11
89
77
85
54
54
87
19
39
21
14
55
94
46
39
10
7
55
59
2
31
27
43
56
35
58
4
8
48
6
74
81
50
16
40
28
91
79
29
85
47
6
99
44
32
63
95
5
19
88
5
42
41
30
18
30
81
74
96
81
95
84
82
39
3
36
4
91
37
